0.17000 0.14000 0.00000
0.17000 0.38000 0.00000
0.41000 0.38000 0.00000
0.41000 0.14000 0.00000
-0.08000 -0.13000 0.00000
-0.08000 0.04000 0.00000
0.09000 0.04000 0.00000
0.09000 -0.13000 0.00000
0.24000 -0.04000 0.00000
0.24000 0.13000 0.00000
0.41000 0.13000 0.00000
0.41000 -0.04000 0.00000
0.01000 0.05000 0.00000
0.01000 0.13000 0.00000
0.09000 0.13000 0.00000
0.09000 0.05000 0.00000
-0.08000 0.05000 0.00000
-0.08000 0.13000 0.00000
0.00000 0.13000 0.00000
0.00000 0.05000 0.00000
0.33000 -0.13000 0.00000
0.33000 -0.05000 0.00000
0.41000 -0.05000 0.00000
0.41000 -0.13000 0.00000
0.24000 -0.13000 0.00000
0.24000 -0.05000 0.00000
0.32000 -0.05000 0.00000
0.32000 -0.13000 0.00000
0.17000 -0.13000 0.00000
0.17000 -0.07000 0.00000
0.23000 -0.07000 0.00000
0.23000 -0.13000 0.00000
0.10000 -0.13000 0.00000
0.10000 -0.07000 0.00000
0.16000 -0.07000 0.00000
0.16000 -0.13000 0.00000
0.10000 0.07000 0.00000
0.10000 0.13000 0.00000
0.16000 0.13000 0.00000
0.16000 0.07000 0.00000
0.17000 0.07000 0.00000
0.17000 0.13000 0.00000
0.23000 0.13000 0.00000
0.23000 0.07000 0.00000
0.10500 -0.06000 0.00000
0.10500 0.06000 0.00000
0.22500 0.06000 0.00000
0.22500 -0.06000 0.00000
-0.08000 0.14000 0.00000
-0.08000 0.38000 0.00000
0.16000 0.38000 0.00000
0.16000 0.14000 0.00000
0.17000 -0.38000 0.00000
0.17000 -0.14000 0.00000
0.41000 -0.14000 0.00000
0.41000 -0.38000 0.00000
-0.08000 -0.38000 0.00000
-0.08000 -0.14000 0.00000
0.16000 -0.14000 0.00000
0.16000 -0.38000 0.00000