0.26 0.53 0
0.26 0.77 0
0.50 0.77 0
0.50 0.53 0
0.01 0.26 0
0.01 0.43 0
0.18 0.43 0
0.18 0.26 0
0.33 0.35 0
0.33 0.52 0
0.50 0.52 0
0.50 0.35 0
0.10 0.44 0
0.10 0.52 0
0.18 0.52 0
0.18 0.44 0
0.01 0.44 0
0.01 0.52 0
0.09 0.52 0
0.09 0.44 0
0.42 0.26 0
0.42 0.34 0
0.50 0.34 0
0.50 0.26 0
0.33 0.26 0
0.33 0.34 0
0.41 0.34 0
0.41 0.26 0
0.26 0.26 0
0.26 0.32 0
0.32 0.32 0
0.32 0.26 0
0.19 0.26 0
0.19 0.32 0
0.25 0.32 0
0.25 0.26 0
0.19 0.46 0
0.19 0.52 0
0.25 0.52 0
0.25 0.46 0
0.26 0.46 0
0.26 0.52 0
0.32 0.52 0
0.32 0.46 0
0.195 0.33 0
0.195 0.45 0
0.315 0.45 0
0.315 0.33 0
0.01 0.53 0
0.01 0.77 0
0.25 0.77 0
0.25 0.53 0
0.26 0.01 0
0.26 0.25 0
0.50 0.25 0
0.50 0.01 0
0.01 0.01 0
0.01 0.25 0
0.25 0.25 0
0.25 0.01 0