0.17000 0.19000 0.00000
0.17000 0.43000 0.00000
0.41000 0.43000 0.00000
0.41000 0.19000 0.00000
-0.08000 -0.08000 0.00000
-0.08000 0.09000 0.00000
0.09000 0.09000 0.00000
0.09000 -0.08000 0.00000
0.24000 0.01000 0.00000
0.24000 0.18000 0.00000
0.41000 0.18000 0.00000
0.41000 0.01000 0.00000
0.01000 0.10000 0.00000
0.01000 0.18000 0.00000
0.09000 0.18000 0.00000
0.09000 0.10000 0.00000
-0.08000 0.10000 0.00000
-0.08000 0.18000 0.00000
0.00000 0.18000 0.00000
0.00000 0.10000 0.00000
0.33000 -0.08000 0.00000
0.33000 0.00000 0.00000
0.41000 0.00000 0.00000
0.41000 -0.08000 0.00000
0.24000 -0.08000 0.00000
0.24000 0.00000 0.00000
0.32000 0.00000 0.00000
0.32000 -0.08000 0.00000
0.17000 -0.08000 0.00000
0.17000 -0.02000 0.00000
0.23000 -0.02000 0.00000
0.23000 -0.08000 0.00000
0.10000 -0.08000 0.00000
0.10000 -0.02000 0.00000
0.16000 -0.02000 0.00000
0.16000 -0.08000 0.00000
0.10000 0.12000 0.00000
0.10000 0.18000 0.00000
0.16000 0.18000 0.00000
0.16000 0.12000 0.00000
0.17000 0.12000 0.00000
0.17000 0.18000 0.00000
0.23000 0.18000 0.00000
0.23000 0.12000 0.00000
0.10500 -0.01000 0.00000
0.10500 0.11000 0.00000
0.22500 0.11000 0.00000
0.22500 -0.01000 0.00000
-0.08000 0.19000 0.00000
-0.08000 0.43000 0.00000
0.16000 0.43000 0.00000
0.16000 0.19000 0.00000
0.17000 -0.33000 0.00000
0.17000 -0.09000 0.00000
0.41000 -0.09000 0.00000
0.41000 -0.33000 0.00000
-0.08000 -0.33000 0.00000
-0.08000 -0.09000 0.00000
0.16000 -0.09000 0.00000
0.16000 -0.33000 0.00000